{
  "nbformat": 4,
  "nbformat_minor": 0,
  "metadata": {
    "colab": {
      "provenance": [],
      "include_colab_link": true
    },
    "kernelspec": {
      "name": "python3",
      "display_name": "Python 3"
    },
    "language_info": {
      "name": "python"
    }
  },
  "cells": [
    {
      "cell_type": "markdown",
      "metadata": {
        "id": "view-in-github",
        "colab_type": "text"
      },
      "source": [
        "<a href=\"https://colab.research.google.com/github/S1ink/Colabs/blob/main/models%20/supervisely-pc-transforms.ipynb\" target=\"_parent\"><img src=\"https://colab.research.google.com/assets/colab-badge.svg\" alt=\"Open In Colab\"/></a>"
      ]
    },
    {
      "cell_type": "code",
      "source": [
        "!pip install open3d"
      ],
      "metadata": {
        "id": "ZCdZStE0nGkM"
      },
      "execution_count": null,
      "outputs": []
    },
    {
      "cell_type": "code",
      "source": [
        "import os\n",
        "import shutil\n",
        "import json\n",
        "import random\n",
        "import numpy as np\n",
        "import pandas as pd\n",
        "from tqdm import tqdm\n",
        "from glob import glob\n",
        "from scipy.spatial.transform import Rotation as R\n",
        "from google.colab import files\n",
        "from google.colab import drive\n",
        "\n",
        "import tensorflow as tf\n",
        "from tensorflow import keras\n",
        "from tensorflow.keras import layers\n",
        "\n",
        "import matplotlib.pyplot as plt\n",
        "import open3d as o3d"
      ],
      "metadata": {
        "id": "iwu7xu7ljK1o"
      },
      "execution_count": 11,
      "outputs": []
    },
    {
      "cell_type": "code",
      "source": [
        "content = files.upload()\n",
        "pnames = list(content.keys())\n",
        "for f in tqdm(pnames):\n",
        "    shutil.unpack_archive(f)\n",
        "    print(\"\\nUnpacked {}!\".format(f))"
      ],
      "metadata": {
        "colab": {
          "base_uri": "https://localhost:8080/",
          "height": 125
        },
        "id": "3a3KHGm7I7rp",
        "outputId": "95b5a9c4-176c-47a0-a4b4-3867da9c5188"
      },
      "execution_count": null,
      "outputs": [
        {
          "output_type": "display_data",
          "data": {
            "text/plain": [
              "<IPython.core.display.HTML object>"
            ],
            "text/html": [
              "\n",
              "     <input type=\"file\" id=\"files-6a6d1598-7dba-482e-adad-75f7e254200e\" name=\"files[]\" multiple disabled\n",
              "        style=\"border:none\" />\n",
              "     <output id=\"result-6a6d1598-7dba-482e-adad-75f7e254200e\">\n",
              "      Upload widget is only available when the cell has been executed in the\n",
              "      current browser session. Please rerun this cell to enable.\n",
              "      </output>\n",
              "      <script>// Copyright 2017 Google LLC\n",
              "//\n",
              "// Licensed under the Apache License, Version 2.0 (the \"License\");\n",
              "// you may not use this file except in compliance with the License.\n",
              "// You may obtain a copy of the License at\n",
              "//\n",
              "//      http://www.apache.org/licenses/LICENSE-2.0\n",
              "//\n",
              "// Unless required by applicable law or agreed to in writing, software\n",
              "// distributed under the License is distributed on an \"AS IS\" BASIS,\n",
              "// WITHOUT WARRANTIES OR CONDITIONS OF ANY KIND, either express or implied.\n",
              "// See the License for the specific language governing permissions and\n",
              "// limitations under the License.\n",
              "\n",
              "/**\n",
              " * @fileoverview Helpers for google.colab Python module.\n",
              " */\n",
              "(function(scope) {\n",
              "function span(text, styleAttributes = {}) {\n",
              "  const element = document.createElement('span');\n",
              "  element.textContent = text;\n",
              "  for (const key of Object.keys(styleAttributes)) {\n",
              "    element.style[key] = styleAttributes[key];\n",
              "  }\n",
              "  return element;\n",
              "}\n",
              "\n",
              "// Max number of bytes which will be uploaded at a time.\n",
              "const MAX_PAYLOAD_SIZE = 100 * 1024;\n",
              "\n",
              "function _uploadFiles(inputId, outputId) {\n",
              "  const steps = uploadFilesStep(inputId, outputId);\n",
              "  const outputElement = document.getElementById(outputId);\n",
              "  // Cache steps on the outputElement to make it available for the next call\n",
              "  // to uploadFilesContinue from Python.\n",
              "  outputElement.steps = steps;\n",
              "\n",
              "  return _uploadFilesContinue(outputId);\n",
              "}\n",
              "\n",
              "// This is roughly an async generator (not supported in the browser yet),\n",
              "// where there are multiple asynchronous steps and the Python side is going\n",
              "// to poll for completion of each step.\n",
              "// This uses a Promise to block the python side on completion of each step,\n",
              "// then passes the result of the previous step as the input to the next step.\n",
              "function _uploadFilesContinue(outputId) {\n",
              "  const outputElement = document.getElementById(outputId);\n",
              "  const steps = outputElement.steps;\n",
              "\n",
              "  const next = steps.next(outputElement.lastPromiseValue);\n",
              "  return Promise.resolve(next.value.promise).then((value) => {\n",
              "    // Cache the last promise value to make it available to the next\n",
              "    // step of the generator.\n",
              "    outputElement.lastPromiseValue = value;\n",
              "    return next.value.response;\n",
              "  });\n",
              "}\n",
              "\n",
              "/**\n",
              " * Generator function which is called between each async step of the upload\n",
              " * process.\n",
              " * @param {string} inputId Element ID of the input file picker element.\n",
              " * @param {string} outputId Element ID of the output display.\n",
              " * @return {!Iterable<!Object>} Iterable of next steps.\n",
              " */\n",
              "function* uploadFilesStep(inputId, outputId) {\n",
              "  const inputElement = document.getElementById(inputId);\n",
              "  inputElement.disabled = false;\n",
              "\n",
              "  const outputElement = document.getElementById(outputId);\n",
              "  outputElement.innerHTML = '';\n",
              "\n",
              "  const pickedPromise = new Promise((resolve) => {\n",
              "    inputElement.addEventListener('change', (e) => {\n",
              "      resolve(e.target.files);\n",
              "    });\n",
              "  });\n",
              "\n",
              "  const cancel = document.createElement('button');\n",
              "  inputElement.parentElement.appendChild(cancel);\n",
              "  cancel.textContent = 'Cancel upload';\n",
              "  const cancelPromise = new Promise((resolve) => {\n",
              "    cancel.onclick = () => {\n",
              "      resolve(null);\n",
              "    };\n",
              "  });\n",
              "\n",
              "  // Wait for the user to pick the files.\n",
              "  const files = yield {\n",
              "    promise: Promise.race([pickedPromise, cancelPromise]),\n",
              "    response: {\n",
              "      action: 'starting',\n",
              "    }\n",
              "  };\n",
              "\n",
              "  cancel.remove();\n",
              "\n",
              "  // Disable the input element since further picks are not allowed.\n",
              "  inputElement.disabled = true;\n",
              "\n",
              "  if (!files) {\n",
              "    return {\n",
              "      response: {\n",
              "        action: 'complete',\n",
              "      }\n",
              "    };\n",
              "  }\n",
              "\n",
              "  for (const file of files) {\n",
              "    const li = document.createElement('li');\n",
              "    li.append(span(file.name, {fontWeight: 'bold'}));\n",
              "    li.append(span(\n",
              "        `(${file.type || 'n/a'}) - ${file.size} bytes, ` +\n",
              "        `last modified: ${\n",
              "            file.lastModifiedDate ? file.lastModifiedDate.toLocaleDateString() :\n",
              "                                    'n/a'} - `));\n",
              "    const percent = span('0% done');\n",
              "    li.appendChild(percent);\n",
              "\n",
              "    outputElement.appendChild(li);\n",
              "\n",
              "    const fileDataPromise = new Promise((resolve) => {\n",
              "      const reader = new FileReader();\n",
              "      reader.onload = (e) => {\n",
              "        resolve(e.target.result);\n",
              "      };\n",
              "      reader.readAsArrayBuffer(file);\n",
              "    });\n",
              "    // Wait for the data to be ready.\n",
              "    let fileData = yield {\n",
              "      promise: fileDataPromise,\n",
              "      response: {\n",
              "        action: 'continue',\n",
              "      }\n",
              "    };\n",
              "\n",
              "    // Use a chunked sending to avoid message size limits. See b/62115660.\n",
              "    let position = 0;\n",
              "    do {\n",
              "      const length = Math.min(fileData.byteLength - position, MAX_PAYLOAD_SIZE);\n",
              "      const chunk = new Uint8Array(fileData, position, length);\n",
              "      position += length;\n",
              "\n",
              "      const base64 = btoa(String.fromCharCode.apply(null, chunk));\n",
              "      yield {\n",
              "        response: {\n",
              "          action: 'append',\n",
              "          file: file.name,\n",
              "          data: base64,\n",
              "        },\n",
              "      };\n",
              "\n",
              "      let percentDone = fileData.byteLength === 0 ?\n",
              "          100 :\n",
              "          Math.round((position / fileData.byteLength) * 100);\n",
              "      percent.textContent = `${percentDone}% done`;\n",
              "\n",
              "    } while (position < fileData.byteLength);\n",
              "  }\n",
              "\n",
              "  // All done.\n",
              "  yield {\n",
              "    response: {\n",
              "      action: 'complete',\n",
              "    }\n",
              "  };\n",
              "}\n",
              "\n",
              "scope.google = scope.google || {};\n",
              "scope.google.colab = scope.google.colab || {};\n",
              "scope.google.colab._files = {\n",
              "  _uploadFiles,\n",
              "  _uploadFilesContinue,\n",
              "};\n",
              "})(self);\n",
              "</script> "
            ]
          },
          "metadata": {}
        },
        {
          "output_type": "stream",
          "name": "stdout",
          "text": [
            "Saving 566215_266254_2023-09-18 11_53_31.878.tar.gz to 566215_266254_2023-09-18 11_53_31.878.tar.gz\n"
          ]
        },
        {
          "output_type": "stream",
          "name": "stderr",
          "text": [
            "100%|██████████| 1/1 [00:00<00:00, 65.05it/s]"
          ]
        },
        {
          "output_type": "stream",
          "name": "stdout",
          "text": [
            "\n",
            "Unpacked 566215_266254_2023-09-18 11_53_31.878.tar.gz!\n"
          ]
        },
        {
          "output_type": "stream",
          "name": "stderr",
          "text": [
            "\n"
          ]
        }
      ]
    },
    {
      "cell_type": "code",
      "source": [
        "drive.mount(\"/content/gdrive\")"
      ],
      "metadata": {
        "colab": {
          "base_uri": "https://localhost:8080/"
        },
        "id": "KwNw6mu2NZ9L",
        "outputId": "8b8a919d-093b-47e6-de64-fb3ec25f2f71"
      },
      "execution_count": null,
      "outputs": [
        {
          "output_type": "stream",
          "name": "stdout",
          "text": [
            "Mounted at /content/gdrive\n"
          ]
        }
      ]
    },
    {
      "cell_type": "code",
      "source": [
        "!ls -l"
      ],
      "metadata": {
        "colab": {
          "base_uri": "https://localhost:8080/"
        },
        "id": "Rshe_Dl3QrDL",
        "outputId": "3a040d89-c496-4b2f-9ac3-b009747eb4bd"
      },
      "execution_count": 8,
      "outputs": [
        {
          "output_type": "stream",
          "name": "stdout",
          "text": [
            "total 8\n",
            "drwx------ 6 root root 4096 Sep 24 03:27 gdrive\n",
            "drwxr-xr-x 1 root root 4096 Sep 21 13:49 sample_data\n"
          ]
        }
      ]
    },
    {
      "cell_type": "code",
      "source": [
        "DS_BASE = \"./gdrive/MyDrive/CSM/shoes-grass-dataset/\"  # << SET THIS BASED ON IMPORTED FILES/CONNECTED GDRIVE FILE STRUCTURE\n",
        "KEY_MAP_JSON = DS_BASE + \"key_id_map.json\"\n",
        "META_JSON = DS_BASE + \"meta.json\"\n",
        "\n",
        "def _annotation(fname):\n",
        "    return DS_BASE + \"ds0/ann/{}\".format(fname)\n",
        "def _source(fname):\n",
        "    return DS_BASE + \"ds0/pointcloud/{}\".format(fname)\n",
        "\n",
        "def _basename(path):\n",
        "    return path.split(\"/\")[-1].split(\".\")[0]\n",
        "\n",
        "\n",
        "with open(KEY_MAP_JSON) as json_file:\n",
        "    keymap = json.load(json_file)\n",
        "\n",
        "with open(META_JSON) as json_file:\n",
        "    meta = json.load(json_file)   # have the metadata for all the classes and colors\n",
        "\n",
        "class_colors = dict()\n",
        "ALL_LABELS = set()\n",
        "for c in meta[\"classes\"]:\n",
        "    label = c[\"title\"]\n",
        "    class_colors[label] = c[\"color\"]\n",
        "    ALL_LABELS.add(label)\n",
        "\n",
        "# print(class_colors)\n",
        "\n",
        "# print(meta)\n",
        "# print(map)\n",
        "\n",
        "point_sets = []         # extracted points for each point cloud\n",
        "point_set_labels = []   # labels for each point in each point cloud\n",
        "point_set_1hot = []     # 1hot array for each point\n",
        "\n",
        "DEFAULT_LABEL = \"none\"\n",
        "class_colors[DEFAULT_LABEL] = \"gray\"\n",
        "ALL_LABELS.add(DEFAULT_LABEL)\n",
        "\n",
        "print(class_colors, ALL_LABELS)\n",
        "\n",
        "annotations = glob(_annotation(\"*.pcd.json\"))\n",
        "for a in tqdm(annotations):\n",
        "    source = _source(_basename(a) + \".pcd\")\n",
        "    # print(\"\\n\", source)\n",
        "    if(os.path.exists(source)):\n",
        "        with open(a) as json_file:\n",
        "           a_data = json.load(json_file)    # have the configuration for the bounds\n",
        "\n",
        "        pcd = o3d.io.read_point_cloud(source)\n",
        "        pc_data = np.asarray(pcd.points)    # have all the points as numpy array\n",
        "\n",
        "        # print(a_data)\n",
        "        # print(pc_data.shape)\n",
        "\n",
        "        objects = a_data[\"objects\"]\n",
        "        figures = a_data[\"figures\"]     # list of annotation volume\n",
        "        label_bounds = []\n",
        "        for f in figures:\n",
        "            if f[\"geometryType\"] != \"cuboid_3d\":\n",
        "                continue\n",
        "            objkey = f[\"objectKey\"]\n",
        "            geo = f[\"geometry\"]\n",
        "            class_label = next(i for i in objects if i[\"key\"] == objkey)[\"classTitle\"]  # find the first dictionary with a matching \"key\":objkey pair --> use that dictionaries class label\n",
        "\n",
        "            # print(objkey, \"\\n\", geo)\n",
        "            # print(\"\\n\", class_label)\n",
        "\n",
        "            # extract cuboid bbox data\n",
        "            origin = np.array(list(geo[\"position\"].values()))\n",
        "            scale = np.array(list(geo[\"dimensions\"].values())) / 2  # divide by 2 to get distance from center along each direction\n",
        "            rotation = np.array(list(geo[\"rotation\"].values()))     # rotation about x, y, z\n",
        "            r = R.from_rotvec(rotation)     # convert to rotation matrix\n",
        "            units = np.array([\n",
        "                r.apply([1, 0, 0]),     # rotate unit x, y, z vectors by the cuboid's rotation so we can compare them to each point's offset from the center\n",
        "                r.apply([0, 1, 0]),\n",
        "                r.apply([0, 0, 1])\n",
        "            ])\n",
        "\n",
        "            label_bounds.append((origin, scale, units, class_label))    # append the center, lengths, unit directions, and class label\n",
        "\n",
        "        print(label_bounds)\n",
        "\n",
        "        set_labels = []\n",
        "        for i, p in enumerate(tqdm(pc_data, \"Points Iteration: \")):\n",
        "            valid = False\n",
        "            for l in label_bounds:\n",
        "\n",
        "                v = p - l[0];\n",
        "                d = np.array([\n",
        "                    np.abs(np.dot(l[2][0], v)),\n",
        "                    np.abs(np.dot(l[2][1], v)),\n",
        "                    np.abs(np.dot(l[2][2], v))\n",
        "                ])\n",
        "\n",
        "                if (d <= l[1]).all():\n",
        "                    valid = True\n",
        "                    set_labels.append(l[3])\n",
        "                    break\n",
        "            if not valid:\n",
        "                set_labels.append(DEFAULT_LABEL)\n",
        "\n",
        "        # print(set_labels)\n",
        "        point_sets.append(pc_data)\n",
        "        point_set_labels.append(set_labels)\n",
        "\n",
        "# print(point_sets, point_set_labels)\n"
      ],
      "metadata": {
        "colab": {
          "base_uri": "https://localhost:8080/"
        },
        "id": "G1sdtiyTIrbp",
        "outputId": "1b4b8a05-6aec-4533-98c9-b54a233a4c31"
      },
      "execution_count": 15,
      "outputs": [
        {
          "output_type": "stream",
          "name": "stdout",
          "text": [
            "{'Shoe': '#50E3C2', 'none': 'gray'} {'none', 'Shoe'}\n"
          ]
        },
        {
          "output_type": "stream",
          "name": "stderr",
          "text": [
            "\r  0%|          | 0/13 [00:00<?, ?it/s]"
          ]
        },
        {
          "output_type": "stream",
          "name": "stdout",
          "text": [
            "[(array([  87103.79995562, -233893.29118922, -139890.32519919]), array([ 7441.46956904, 13428.72844485,  4259.95797466]), array([[1., 0., 0.],\n",
            "       [0., 1., 0.],\n",
            "       [0., 0., 1.]]), 'Shoe'), (array([ 168664.29322366, -244974.86578826, -142297.95831488]), array([12362.86852286, 15171.49081199,  3518.73516713]), array([[1., 0., 0.],\n",
            "       [0., 1., 0.],\n",
            "       [0., 0., 1.]]), 'Shoe'), (array([ 150652.71815463, -207095.73525166, -141776.2477817 ]), array([ 6069.2890353 , 13275.51301429,  4564.94565815]), array([[1., 0., 0.],\n",
            "       [0., 1., 0.],\n",
            "       [0., 0., 1.]]), 'Shoe')]\n"
          ]
        },
        {
          "output_type": "stream",
          "name": "stderr",
          "text": [
            "\n",
            "Points Iteration:   0%|          | 0/26005 [00:00<?, ?it/s]\u001b[A\n",
            "Points Iteration:   4%|▍         | 1059/26005 [00:00<00:02, 10585.19it/s]\u001b[A\n",
            "Points Iteration:   9%|▊         | 2224/26005 [00:00<00:02, 11206.97it/s]\u001b[A\n",
            "Points Iteration:  13%|█▎        | 3423/26005 [00:00<00:01, 11560.71it/s]\u001b[A\n",
            "Points Iteration:  18%|█▊        | 4580/26005 [00:00<00:01, 11452.12it/s]\u001b[A\n",
            "Points Iteration:  22%|██▏       | 5748/26005 [00:00<00:01, 11532.09it/s]\u001b[A\n",
            "Points Iteration:  27%|██▋       | 6902/26005 [00:00<00:01, 11504.20it/s]\u001b[A\n",
            "Points Iteration:  31%|███       | 8123/26005 [00:00<00:01, 11731.85it/s]\u001b[A\n",
            "Points Iteration:  36%|███▌      | 9358/26005 [00:00<00:01, 11926.69it/s]\u001b[A\n",
            "Points Iteration:  41%|████      | 10551/26005 [00:00<00:01, 11644.00it/s]\u001b[A\n",
            "Points Iteration:  45%|████▌     | 11829/26005 [00:01<00:01, 11986.81it/s]\u001b[A\n",
            "Points Iteration:  50%|█████     | 13030/26005 [00:01<00:01, 11355.90it/s]\u001b[A\n",
            "Points Iteration:  55%|█████▍    | 14173/26005 [00:01<00:01, 11338.97it/s]\u001b[A\n",
            "Points Iteration:  59%|█████▉    | 15447/26005 [00:01<00:00, 11745.11it/s]\u001b[A\n",
            "Points Iteration:  64%|██████▍   | 16743/26005 [00:01<00:00, 12101.47it/s]\u001b[A\n",
            "Points Iteration:  69%|██████▉   | 17958/26005 [00:01<00:00, 12016.55it/s]\u001b[A\n",
            "Points Iteration:  74%|███████▍  | 19256/26005 [00:01<00:00, 12299.38it/s]\u001b[A\n",
            "Points Iteration:  79%|███████▉  | 20489/26005 [00:01<00:00, 11387.96it/s]\u001b[A\n",
            "Points Iteration:  83%|████████▎ | 21704/26005 [00:01<00:00, 11600.60it/s]\u001b[A\n",
            "Points Iteration:  88%|████████▊ | 22956/26005 [00:01<00:00, 11863.45it/s]\u001b[A\n",
            "Points Iteration:  93%|█████████▎| 24152/26005 [00:02<00:00, 11021.59it/s]\u001b[A\n",
            "Points Iteration: 100%|██████████| 26005/26005 [00:02<00:00, 11545.58it/s]\n",
            "  8%|▊         | 1/13 [00:02<00:27,  2.28s/it]"
          ]
        },
        {
          "output_type": "stream",
          "name": "stdout",
          "text": [
            "[(array([ -25676.31971104,  176689.72012143, -116798.40513628]), array([12476.93565186, 10079.06472665,  3726.73494226]), array([[1., 0., 0.],\n",
            "       [0., 1., 0.],\n",
            "       [0., 0., 1.]]), 'Shoe'), (array([  49758.60824011,  200322.86010561, -111912.07082114]), array([14655.6269823 , 10450.40818258,  5170.15828467]), array([[ 0.99705231,  0.00183302,  0.07670292],\n",
            "       [-0.00605436,  0.99847688,  0.05483856],\n",
            "       [-0.07648557, -0.0551413 ,  0.99554477]]), 'Shoe'), (array([   2307.84404452,  130753.660816  , -114978.85745816]), array([ 8619.71494609, 14693.48901168,  4354.38958186]), array([[ 9.99606478e-01,  3.50526598e-04,  2.80493415e-02],\n",
            "       [ 3.50526598e-04,  9.99687771e-01, -2.49847509e-02],\n",
            "       [-2.80493415e-02,  2.49847509e-02,  9.99294249e-01]]), 'Shoe'), (array([  43056.26734412,  130412.30433557, -113600.348934  ]), array([17276.2823215 , 10837.90710416,  4352.36091432]), array([[ 9.97750456e-01,  4.88803473e-04,  6.70357268e-02],\n",
            "       [ 4.88803473e-04,  9.99893788e-01, -1.45661946e-02],\n",
            "       [-6.70357268e-02,  1.45661946e-02,  9.97644244e-01]]), 'Shoe')]\n"
          ]
        },
        {
          "output_type": "stream",
          "name": "stderr",
          "text": [
            "\n",
            "Points Iteration:   0%|          | 0/22696 [00:00<?, ?it/s]\u001b[A\n",
            "Points Iteration:   4%|▍         | 993/22696 [00:00<00:02, 9925.25it/s]\u001b[A\n",
            "Points Iteration:   9%|▉         | 1986/22696 [00:00<00:02, 8929.77it/s]\u001b[A\n",
            "Points Iteration:  13%|█▎        | 2886/22696 [00:00<00:02, 8533.77it/s]\u001b[A\n",
            "Points Iteration:  17%|█▋        | 3811/22696 [00:00<00:02, 8795.93it/s]\u001b[A\n",
            "Points Iteration:  21%|██        | 4790/22696 [00:00<00:01, 9136.77it/s]\u001b[A\n",
            "Points Iteration:  26%|██▌       | 5824/22696 [00:00<00:01, 9524.30it/s]\u001b[A\n",
            "Points Iteration:  30%|██▉       | 6781/22696 [00:00<00:01, 9402.52it/s]\u001b[A\n",
            "Points Iteration:  34%|███▍      | 7724/22696 [00:00<00:01, 9047.89it/s]\u001b[A\n",
            "Points Iteration:  38%|███▊      | 8673/22696 [00:00<00:01, 9177.73it/s]\u001b[A\n",
            "Points Iteration:  43%|████▎     | 9651/22696 [00:01<00:01, 9356.14it/s]\u001b[A\n",
            "Points Iteration:  47%|████▋     | 10649/22696 [00:01<00:01, 9542.39it/s]\u001b[A\n",
            "Points Iteration:  51%|█████▏    | 11633/22696 [00:01<00:01, 9630.71it/s]\u001b[A\n",
            "Points Iteration:  56%|█████▌    | 12630/22696 [00:01<00:01, 9729.82it/s]\u001b[A\n",
            "Points Iteration:  60%|█████▉    | 13605/22696 [00:01<00:00, 9211.68it/s]\u001b[A\n",
            "Points Iteration:  64%|██████▍   | 14533/22696 [00:01<00:00, 9030.86it/s]\u001b[A\n",
            "Points Iteration:  68%|██████▊   | 15516/22696 [00:01<00:00, 9257.97it/s]\u001b[A\n",
            "Points Iteration:  73%|███████▎  | 16493/22696 [00:01<00:00, 9060.81it/s]\u001b[A\n",
            "Points Iteration:  79%|███████▉  | 17888/22696 [00:01<00:00, 10456.98it/s]\u001b[A\n",
            "Points Iteration:  86%|████████▌ | 19511/22696 [00:01<00:00, 12130.07it/s]\u001b[A\n",
            "Points Iteration: 100%|██████████| 22696/22696 [00:02<00:00, 10365.41it/s]\n",
            " 15%|█▌        | 2/13 [00:04<00:24,  2.24s/it]"
          ]
        },
        {
          "output_type": "stream",
          "name": "stdout",
          "text": [
            "[(array([  33102.42894231,   76574.11371064, -115036.26308072]), array([15216.47878463, 12500.8243862 ,  4887.78749729]), array([[ 9.96030470e-01,  3.68903656e-04, -8.90121673e-02],\n",
            "       [-3.12907170e-03,  9.99518469e-01, -3.08713384e-02],\n",
            "       [ 8.89579166e-02,  3.10273192e-02,  9.95552005e-01]]), 'Shoe'), (array([  11438.87999528,  105559.32270371, -114572.2070435 ]), array([ 9466.82722656, 11700.25233107,  4529.59548896]), array([[ 0.995545  ,  0.00130411, -0.09427858],\n",
            "       [-0.00392299,  0.9996114 , -0.02759811],\n",
            "       [ 0.09420595,  0.02784501,  0.99516325]]), 'Shoe'), (array([ -13596.45289195,  108696.68218767, -112368.97672788]), array([14346.23334632,  7613.10478782,  4813.48356542]), array([[ 0.9956277 ,  0.        , -0.09341026],\n",
            "       [ 0.        ,  1.        ,  0.        ],\n",
            "       [ 0.09341026,  0.        ,  0.9956277 ]]), 'Shoe'), (array([  37554.99251384,  145588.81898792, -115446.36874946]), array([15749.36394293, 12379.88710913,  4705.28803723]), array([[ 9.97259996e-01,  3.12270823e-04, -7.39756858e-02],\n",
            "       [ 3.12270823e-04,  9.99964411e-01,  8.43080942e-03],\n",
            "       [ 7.39756858e-02, -8.43080942e-03,  9.97224408e-01]]), 'Shoe'), (array([  82879.46977829,  144945.94822292, -116529.23943723]), array([ 8466.72073359, 16066.20848546,  4581.11130565]), array([[ 9.98384075e-01,  4.45248280e-04, -5.68246543e-02],\n",
            "       [-1.33707653e-03,  9.99876522e-01, -1.56573343e-02],\n",
            "       [ 5.68106663e-02,  1.57080121e-02,  9.98261392e-01]]), 'Shoe'), (array([ 106930.41124283,   96328.16467436, -116061.89711351]), array([11310.81290679, 10397.41845367,  6329.78210404]), array([[ 9.99731208e-01,  2.29841324e-04,  2.31831427e-02],\n",
            "       [ 2.29841324e-04,  9.99803465e-01, -1.98237014e-02],\n",
            "       [-2.31831427e-02,  1.98237014e-02,  9.99534673e-01]]), 'Shoe')]\n"
          ]
        },
        {
          "output_type": "stream",
          "name": "stderr",
          "text": [
            "\n",
            "Points Iteration:   0%|          | 0/22273 [00:00<?, ?it/s]\u001b[A\n",
            "Points Iteration:   6%|▌         | 1283/22273 [00:00<00:01, 12820.60it/s]\u001b[A\n",
            "Points Iteration:  12%|█▏        | 2566/22273 [00:00<00:01, 11294.05it/s]\u001b[A\n",
            "Points Iteration:  17%|█▋        | 3708/22273 [00:00<00:01, 11227.09it/s]\u001b[A\n",
            "Points Iteration:  22%|██▏       | 4881/22273 [00:00<00:01, 11412.62it/s]\u001b[A\n",
            "Points Iteration:  27%|██▋       | 6027/22273 [00:00<00:01, 10967.55it/s]\u001b[A\n",
            "Points Iteration:  32%|███▏      | 7129/22273 [00:00<00:01, 10535.97it/s]\u001b[A\n",
            "Points Iteration:  37%|███▋      | 8228/22273 [00:00<00:01, 10675.08it/s]\u001b[A\n",
            "Points Iteration:  42%|████▏     | 9300/22273 [00:00<00:01, 10421.71it/s]\u001b[A\n",
            "Points Iteration:  48%|████▊     | 10620/22273 [00:00<00:01, 11246.26it/s]\u001b[A\n",
            "Points Iteration:  53%|█████▎    | 11874/22273 [00:01<00:00, 11631.15it/s]\u001b[A\n",
            "Points Iteration:  59%|█████▉    | 13106/22273 [00:01<00:00, 11834.87it/s]\u001b[A\n",
            "Points Iteration:  65%|██████▌   | 14557/22273 [00:01<00:00, 12634.21it/s]\u001b[A\n",
            "Points Iteration:  71%|███████   | 15825/22273 [00:01<00:00, 12399.31it/s]\u001b[A\n",
            "Points Iteration:  77%|███████▋  | 17069/22273 [00:01<00:00, 11940.91it/s]\u001b[A\n",
            "Points Iteration:  82%|████████▏ | 18269/22273 [00:01<00:00, 11278.42it/s]\u001b[A\n",
            "Points Iteration:  87%|████████▋ | 19424/22273 [00:01<00:00, 11353.54it/s]\u001b[A\n",
            "Points Iteration:  92%|█████████▏| 20588/22273 [00:01<00:00, 11435.07it/s]\u001b[A\n",
            "Points Iteration: 100%|██████████| 22273/22273 [00:01<00:00, 11353.64it/s]\n",
            " 23%|██▎       | 3/13 [00:06<00:21,  2.13s/it]"
          ]
        },
        {
          "output_type": "stream",
          "name": "stdout",
          "text": [
            "[(array([  31001.70242738,  182250.5652314 , -118694.51939574]), array([10347.54730027, 15821.05218153,  4494.84358239]), array([[ 9.99258338e-01,  2.61897962e-04, -3.85059033e-02],\n",
            "       [ 2.61897962e-04,  9.99907518e-01,  1.35973297e-02],\n",
            "       [ 3.85059033e-02, -1.35973297e-02,  9.99165856e-01]]), 'Shoe'), (array([  12846.43192147,  103844.44290438, -117058.034173  ]), array([17117.65792542, 11426.64504892,  4701.29778808]), array([[ 9.98364362e-01, -9.48443742e-04, -5.71638153e-02],\n",
            "       [-9.48443742e-04,  9.99450034e-01, -3.31470975e-02],\n",
            "       [ 5.71638153e-02,  3.31470975e-02,  9.97814396e-01]]), 'Shoe'), (array([  -9759.39902022,  169071.87276171, -117498.28804714]), array([16280.28507923, 10550.26326546,  4007.77054393]), array([[ 9.98295457e-01,  1.24234003e-04, -5.83623629e-02],\n",
            "       [-3.73124000e-04,  9.99990883e-01, -4.25368526e-03],\n",
            "       [ 5.83613024e-02,  4.26821107e-03,  9.98286402e-01]]), 'Shoe')]\n"
          ]
        },
        {
          "output_type": "stream",
          "name": "stderr",
          "text": [
            "\n",
            "Points Iteration:   0%|          | 0/14028 [00:00<?, ?it/s]\u001b[A\n",
            "Points Iteration:  16%|█▌        | 2217/14028 [00:00<00:00, 22162.41it/s]\u001b[A\n",
            "Points Iteration:  32%|███▏      | 4434/14028 [00:00<00:00, 21867.79it/s]\u001b[A\n",
            "Points Iteration:  47%|████▋     | 6622/14028 [00:00<00:00, 20946.69it/s]\u001b[A\n",
            "Points Iteration:  62%|██████▏   | 8767/14028 [00:00<00:00, 21130.67it/s]\u001b[A\n",
            "Points Iteration:  79%|███████▉  | 11103/14028 [00:00<00:00, 21917.60it/s]\u001b[A\n",
            "Points Iteration: 100%|██████████| 14028/14028 [00:00<00:00, 20886.96it/s]\n",
            " 31%|███       | 4/13 [00:07<00:14,  1.56s/it]"
          ]
        },
        {
          "output_type": "stream",
          "name": "stdout",
          "text": [
            "[(array([ -99440.12267522,    7619.80857912, -124913.19738203]), array([13989.21865977, 12178.27547206,  6632.52777594]), array([[1., 0., 0.],\n",
            "       [0., 1., 0.],\n",
            "       [0., 0., 1.]]), 'Shoe'), (array([-131647.66724791,   53663.13330082, -126508.43004557]), array([10151.87921155, 16527.41887648,  3992.330339  ]), array([[ 9.99855334e-01, -1.13674623e-04, -1.70087482e-02],\n",
            "       [ 3.41036449e-04,  9.99910626e-01,  1.33650429e-02],\n",
            "       [ 1.70057088e-02, -1.33689100e-02,  9.99766012e-01]]), 'Shoe'), (array([-175431.71150581,   51687.04821125, -122891.82433588]), array([12037.07047638,  9619.91036188,  5819.75298299]), array([[ 0.99929559,  0.        , -0.03752771],\n",
            "       [ 0.        ,  1.        ,  0.        ],\n",
            "       [ 0.03752771,  0.        ,  0.99929559]]), 'Shoe'), (array([-209039.28062644,   10044.17926141, -119018.97246167]), array([18907.28730646, 11609.69312838,  6785.17179263]), array([[ 9.97588379e-01,  9.53704189e-05, -6.94076179e-02],\n",
            "       [-5.34961508e-04,  9.99979918e-01, -6.31491028e-03],\n",
            "       [ 6.94056218e-02,  6.33681151e-03,  9.97568396e-01]]), 'Shoe'), (array([-173511.76414023,  -19877.58383737, -123463.65530173]), array([13378.07910989,  8007.04024989,  4765.97920836]), array([[ 0.99759234, -0.00122933, -0.06933987],\n",
            "       [-0.00122933,  0.99937231, -0.0354044 ],\n",
            "       [ 0.06933987,  0.0354044 ,  0.99696465]]), 'Shoe')]\n"
          ]
        },
        {
          "output_type": "stream",
          "name": "stderr",
          "text": [
            "\n",
            "Points Iteration:   0%|          | 0/30738 [00:00<?, ?it/s]\u001b[A\n",
            "Points Iteration:   5%|▍         | 1423/30738 [00:00<00:02, 14225.57it/s]\u001b[A\n",
            "Points Iteration:   9%|▉         | 2846/30738 [00:00<00:02, 12360.55it/s]\u001b[A\n",
            "Points Iteration:  14%|█▍        | 4240/30738 [00:00<00:02, 13026.28it/s]\u001b[A\n",
            "Points Iteration:  18%|█▊        | 5663/30738 [00:00<00:01, 13476.84it/s]\u001b[A\n",
            "Points Iteration:  23%|██▎       | 7102/30738 [00:00<00:01, 13795.52it/s]\u001b[A\n",
            "Points Iteration:  28%|██▊       | 8665/30738 [00:00<00:01, 14404.46it/s]\u001b[A\n",
            "Points Iteration:  33%|███▎      | 10112/30738 [00:00<00:01, 13767.48it/s]\u001b[A\n",
            "Points Iteration:  37%|███▋      | 11498/30738 [00:00<00:01, 13592.44it/s]\u001b[A\n",
            "Points Iteration:  42%|████▏     | 12864/30738 [00:00<00:01, 12816.19it/s]\u001b[A\n",
            "Points Iteration:  46%|████▌     | 14183/30738 [00:01<00:01, 12923.47it/s]\u001b[A\n",
            "Points Iteration:  51%|█████     | 15641/30738 [00:01<00:01, 13404.08it/s]\u001b[A\n",
            "Points Iteration:  55%|█████▌    | 16990/30738 [00:01<00:01, 13313.36it/s]\u001b[A\n",
            "Points Iteration:  60%|██████    | 18489/30738 [00:01<00:00, 13801.72it/s]\u001b[A\n",
            "Points Iteration:  65%|██████▍   | 19920/30738 [00:01<00:00, 13951.31it/s]\u001b[A\n",
            "Points Iteration:  69%|██████▉   | 21320/30738 [00:01<00:00, 13662.94it/s]\u001b[A\n",
            "Points Iteration:  74%|███████▍  | 22691/30738 [00:01<00:00, 13655.25it/s]\u001b[A\n",
            "Points Iteration:  79%|███████▊  | 24137/30738 [00:01<00:00, 13892.23it/s]\u001b[A\n",
            "Points Iteration:  83%|████████▎ | 25529/30738 [00:01<00:00, 11712.55it/s]\u001b[A\n",
            "Points Iteration:  87%|████████▋ | 26816/30738 [00:02<00:00, 12015.47it/s]\u001b[A\n",
            "Points Iteration:  91%|█████████▏| 28101/30738 [00:02<00:00, 12241.30it/s]\u001b[A\n",
            "Points Iteration:  96%|█████████▌| 29380/30738 [00:02<00:00, 12393.31it/s]\u001b[A\n",
            "Points Iteration: 100%|██████████| 30738/30738 [00:02<00:00, 13064.71it/s]\n",
            " 38%|███▊      | 5/13 [00:09<00:14,  1.86s/it]"
          ]
        },
        {
          "output_type": "stream",
          "name": "stdout",
          "text": [
            "[(array([-156668.56333468,  485109.9804292 ,  -66749.41087696]), array([15097.77169346, 12788.88890564,  4883.09133527]), array([[ 1.        ,  0.        ,  0.        ],\n",
            "       [ 0.        ,  0.99985557, -0.01699516],\n",
            "       [ 0.        ,  0.01699516,  0.99985557]]), 'Shoe'), (array([-123364.49773465,  524817.58267515,  -67204.57561911]), array([ 8806.45131202, 14236.67170223,  4909.28619703]), array([[ 0.9999753 ,  0.        , -0.00702912],\n",
            "       [ 0.        ,  1.        ,  0.        ],\n",
            "       [ 0.00702912,  0.        ,  0.9999753 ]]), 'Shoe'), (array([-140507.05260368,  444245.19627004,  -64688.01527515]), array([ 8718.49274622, 18771.55562532,  5236.38543027]), array([[ 9.99972432e-01, -2.58193756e-04, -7.42086347e-03],\n",
            "       [-2.58193756e-04,  9.97581861e-01, -6.95008132e-02],\n",
            "       [ 7.42086347e-03,  6.95008132e-02,  9.97554293e-01]]), 'Shoe'), (array([-89063.70695658, 407462.73503988, -61858.31179529]), array([12519.36469368, 13895.20227909,  4518.54922259]), array([[ 9.99806910e-01,  5.77600079e-04,  1.96420252e-02],\n",
            "       [ 5.77600079e-04,  9.98272195e-01, -5.87561944e-02],\n",
            "       [-1.96420252e-02,  5.87561944e-02,  9.98079105e-01]]), 'Shoe'), (array([-75902.66994916, 462427.34158974, -65116.57073645]), array([ 6816.5486511 , 16114.79493575,  4311.78686064]), array([[ 9.99663796e-01,  3.36710205e-04,  2.59264585e-02],\n",
            "       [ 3.36710205e-04,  9.99662783e-01, -2.59655079e-02],\n",
            "       [-2.59264585e-02,  2.59655079e-02,  9.99326579e-01]]), 'Shoe'), (array([-98025.97628344, 428827.98166388, -64354.33785613]), array([16309.50652667,  7501.1766658 ,  4004.6979803 ]), array([[ 9.99817722e-01,  5.27634134e-04,  1.90851739e-02],\n",
            "       [ 5.27634134e-04,  9.98472673e-01, -5.52453035e-02],\n",
            "       [-1.90851739e-02,  5.52453035e-02,  9.98290395e-01]]), 'Shoe')]\n"
          ]
        },
        {
          "output_type": "stream",
          "name": "stderr",
          "text": [
            "\n",
            "Points Iteration:   0%|          | 0/37981 [00:00<?, ?it/s]\u001b[A\n",
            "Points Iteration:   3%|▎         | 1241/37981 [00:00<00:02, 12401.44it/s]\u001b[A\n",
            "Points Iteration:   7%|▋         | 2482/37981 [00:00<00:03, 11175.03it/s]\u001b[A\n",
            "Points Iteration:   9%|▉         | 3608/37981 [00:00<00:03, 10078.96it/s]\u001b[A\n",
            "Points Iteration:  12%|█▏        | 4628/37981 [00:00<00:03, 8943.46it/s] \u001b[A\n",
            "Points Iteration:  15%|█▍        | 5539/37981 [00:00<00:03, 8937.23it/s]\u001b[A\n",
            "Points Iteration:  18%|█▊        | 6719/37981 [00:00<00:03, 9809.22it/s]\u001b[A\n",
            "Points Iteration:  21%|██        | 7839/37981 [00:00<00:02, 10230.28it/s]\u001b[A\n",
            "Points Iteration:  24%|██▎       | 8994/37981 [00:00<00:02, 10628.46it/s]\u001b[A\n",
            "Points Iteration:  27%|██▋       | 10069/37981 [00:01<00:02, 10155.62it/s]\u001b[A\n",
            "Points Iteration:  30%|██▉       | 11224/37981 [00:01<00:02, 10559.94it/s]\u001b[A\n",
            "Points Iteration:  33%|███▎      | 12458/37981 [00:01<00:02, 11082.30it/s]\u001b[A\n",
